 7.000E-01  2.000E-02  X, Z
    17                 No. of Elements
     1   9.071E-01     Atomic No., Normalised Abundance
     2   9.138E-02
     6   3.776E-04
     7   9.932E-05
     8   7.890E-04
    10   1.251E-04
    11   2.272E-06
    12   4.046E-05
    13   3.147E-06
    14   3.776E-05
    16   1.727E-05
    18   3.531E-06
    20   2.441E-06
    24   4.974E-07
    25   2.610E-07
    26   3.445E-05
    28   1.888E-06
    t=log(T)    log(R)    r=log(rho)  G=log(ross)    dG/dt       dG/dr
   3.500E+00  -7.500E+00  -1.500E+01  -4.168E+00   2.019E+00  -3.860E-02
   3.500E+00  -7.000E+00  -1.450E+01  -4.181E+00  -5.919E-01  -1.620E-02
   3.500E+00  -6.500E+00  -1.400E+01  -4.186E+00  -2.007E+00  -6.709E-03
   3.500E+00  -6.000E+00  -1.350E+01  -4.190E+00  -1.794E+00  -7.321E-03
   3.500E+00  -5.500E+00  -1.300E+01  -4.195E+00  -2.168E-01  -1.652E-02
   3.500E+00  -5.000E+00  -1.250E+01  -4.207E+00   2.025E+00  -3.284E-02
   3.500E+00  -4.500E+00  -1.200E+01  -4.226E+00   4.326E+00  -3.629E-02
   3.500E+00  -4.000E+00  -1.150E+01  -4.237E+00   6.338E+00  -2.061E-03
   3.500E+00  -3.500E+00  -1.100E+01  -4.222E+00   8.079E+00   6.447E-02
   3.500E+00  -3.000E+00  -1.050E+01  -4.168E+00   9.569E+00   1.612E-01
   3.500E+00  -2.500E+00  -1.000E+01  -4.055E+00   1.079E+01   2.935E-01
   3.500E+00  -2.000E+00  -9.500E+00  -3.871E+00   1.147E+01   4.477E-01
   3.500E+00  -1.500E+00  -9.000E+00  -3.610E+00   1.111E+01   5.858E-01
   3.500E+00  -1.000E+00  -8.500E+00  -3.292E+00   9.704E+00   6.791E-01
   3.500E+00  -5.000E-01  -8.000E+00  -2.938E+00   7.932E+00   7.323E-01
   3.700E+00  -7.500E+00  -1.440E+01  -1.541E+00   1.558E+01  -4.594E-01
   3.700E+00  -7.000E+00  -1.390E+01  -1.772E+00   1.580E+01  -4.632E-01
   3.700E+00  -6.500E+00  -1.340E+01  -2.003E+00   1.581E+01  -4.590E-01
   3.700E+00  -6.000E+00  -1.290E+01  -2.230E+00   1.569E+01  -4.471E-01
   3.700E+00  -5.500E+00  -1.240E+01  -2.448E+00   1.542E+01  -4.237E-01
   3.700E+00  -5.000E+00  -1.190E+01  -2.651E+00   1.508E+01  -3.845E-01
   3.700E+00  -4.500E+00  -1.140E+01  -2.824E+00   1.466E+01  -2.972E-01
   3.700E+00  -4.000E+00  -1.090E+01  -2.935E+00   1.407E+01  -1.328E-01
   3.700E+00  -3.500E+00  -1.040E+01  -2.951E+00   1.347E+01   7.173E-02
   3.700E+00  -3.000E+00  -9.900E+00  -2.863E+00   1.258E+01   2.787E-01
   3.700E+00  -2.500E+00  -9.400E+00  -2.677E+00   1.089E+01   4.545E-01
   3.700E+00  -2.000E+00  -8.900E+00  -2.415E+00   8.474E+00   5.892E-01
   3.700E+00  -1.500E+00  -8.400E+00  -2.089E+00   5.728E+00   7.163E-01
   3.700E+00  -1.000E+00  -7.900E+00  -1.702E+00   3.358E+00   8.248E-01
   3.700E+00  -5.000E-01  -7.400E+00  -1.275E+00   1.943E+00   8.680E-01
   3.900E+00  -7.500E+00  -1.380E+01  -5.262E-01  -2.124E-01   3.052E-02
   3.900E+00  -7.000E+00  -1.330E+01  -5.054E-01  -2.870E-01   5.574E-02
   3.900E+00  -6.500E+00  -1.280E+01  -4.669E-01  -2.448E-01   1.022E-01
   3.900E+00  -6.000E+00  -1.230E+01  -4.008E-01   4.228E-01   1.632E-01
   3.900E+00  -5.500E+00  -1.180E+01  -3.069E-01   2.274E+00   2.050E-01
   3.900E+00  -5.000E+00  -1.130E+01  -2.033E-01   5.308E+00   2.019E-01
   3.900E+00  -4.500E+00  -1.080E+01  -1.100E-01   8.899E+00   1.688E-01
   3.900E+00  -4.000E+00  -1.030E+01  -3.344E-02   1.190E+01   1.418E-01
   3.900E+00  -3.500E+00  -9.800E+00   3.589E-02   1.367E+01   1.390E-01
   3.900E+00  -3.000E+00  -9.300E+00   1.092E-01   1.424E+01   1.580E-01
   3.900E+00  -2.500E+00  -8.800E+00   1.966E-01   1.404E+01   1.933E-01
   3.900E+00  -2.000E+00  -8.300E+00   3.040E-01   1.334E+01   2.378E-01
   3.900E+00  -1.500E+00  -7.800E+00   4.349E-01   1.243E+01   2.855E-01
   3.900E+00  -1.000E+00  -7.300E+00   5.889E-01   1.148E+01   3.297E-01
   3.900E+00  -5.000E-01  -6.800E+00   7.644E-01   1.058E+01   3.723E-01
   4.100E+00  -7.500E+00  -1.320E+01  -4.782E-01   2.525E-01   1.789E-02
   4.100E+00  -7.000E+00  -1.270E+01  -4.692E-01   3.261E-01   2.397E-02
   4.100E+00  -6.500E+00  -1.220E+01  -4.495E-01   2.898E-01   5.886E-02
   4.100E+00  -6.000E+00  -1.170E+01  -4.030E-01   9.831E-03   1.378E-01
   4.100E+00  -5.500E+00  -1.120E+01  -2.999E-01  -6.911E-01   2.874E-01
   4.100E+00  -5.000E+00  -1.070E+01  -1.052E-01  -1.844E+00   4.999E-01
   4.100E+00  -4.500E+00  -1.020E+01   2.011E-01  -3.211E+00   7.192E-01
   4.100E+00  -4.000E+00  -9.700E+00   6.021E-01  -4.173E+00   8.670E-01
   4.100E+00  -3.500E+00  -9.200E+00   1.052E+00  -4.289E+00   9.207E-01
   4.100E+00  -3.000E+00  -8.700E+00   1.507E+00  -3.413E+00   8.798E-01
   4.100E+00  -2.500E+00  -8.200E+00   1.917E+00  -1.353E+00   7.456E-01
   4.100E+00  -2.000E+00  -7.700E+00   2.245E+00   1.455E+00   5.648E-01
   4.100E+00  -1.500E+00  -7.200E+00   2.483E+00   3.961E+00   3.948E-01
   4.100E+00  -1.000E+00  -6.700E+00   2.649E+00   5.616E+00   2.823E-01
   4.100E+00  -5.000E-01  -6.200E+00   2.776E+00   6.484E+00   2.297E-01
   4.300E+00  -7.500E+00  -1.260E+01  -4.560E-01   7.141E-02   3.494E-02
   4.300E+00  -7.000E+00  -1.210E+01  -4.360E-01   3.621E-02   4.820E-02
   4.300E+00  -6.500E+00  -1.160E+01  -4.052E-01  -4.945E-02   7.650E-02
   4.300E+00  -6.000E+00  -1.110E+01  -3.547E-01  -2.942E-01   1.340E-01
   4.300E+00  -5.500E+00  -1.060E+01  -2.622E-01  -7.590E-01   2.461E-01
   4.300E+00  -5.000E+00  -1.010E+01  -1.014E-01  -1.300E+00   4.013E-01
   4.300E+00  -4.500E+00  -9.600E+00   1.416E-01  -1.813E+00   5.714E-01
   4.300E+00  -4.000E+00  -9.100E+00   4.698E-01  -2.328E+00   7.405E-01
   4.300E+00  -3.500E+00  -8.600E+00   8.757E-01  -2.739E+00   8.712E-01
   4.300E+00  -3.000E+00  -8.100E+00   1.331E+00  -2.830E+00   9.433E-01
   4.300E+00  -2.500E+00  -7.600E+00   1.810E+00  -2.756E+00   9.598E-01
   4.300E+00  -2.000E+00  -7.100E+00   2.292E+00  -2.662E+00   9.833E-01
   4.300E+00  -1.500E+00  -6.600E+00   2.788E+00  -2.538E+00   9.765E-01
   4.300E+00  -1.000E+00  -6.100E+00   3.252E+00  -1.651E+00   8.703E-01
   4.300E+00  -5.000E-01  -5.600E+00   3.647E+00   1.244E-01   6.966E-01
   4.500E+00  -7.500E+00  -1.200E+01  -4.064E-01   1.517E-02   3.030E-02
   4.500E+00  -7.000E+00  -1.150E+01  -3.825E-01  -8.494E-02   6.811E-02
   4.500E+00  -6.500E+00  -1.100E+01  -3.353E-01  -2.040E-01   1.239E-01
   4.500E+00  -6.000E+00  -1.050E+01  -2.560E-01  -2.396E-01   1.955E-01
   4.500E+00  -5.500E+00  -1.000E+01  -1.390E-01   3.679E-02   2.720E-01
   4.500E+00  -5.000E+00  -9.500E+00   1.967E-02   3.486E-01   3.707E-01
   4.500E+00  -4.500E+00  -9.000E+00   2.416E-01   1.631E-01   5.291E-01
   4.500E+00  -4.000E+00  -8.500E+00   5.549E-01  -4.626E-01   7.241E-01
   4.500E+00  -3.500E+00  -8.000E+00   9.614E-01  -1.155E+00   8.929E-01
   4.500E+00  -3.000E+00  -7.500E+00   1.438E+00  -1.693E+00   1.000E+00
   4.500E+00  -2.500E+00  -7.000E+00   1.952E+00  -2.005E+00   1.052E+00
   4.500E+00  -2.000E+00  -6.500E+00   2.485E+00  -1.876E+00   1.073E+00
   4.500E+00  -1.500E+00  -6.000E+00   3.020E+00  -1.676E+00   1.061E+00
   4.500E+00  -1.000E+00  -5.500E+00   3.543E+00  -1.373E+00   1.034E+00
   4.500E+00  -5.000E-01  -5.000E+00   4.048E+00  -9.070E-01   9.691E-01
   4.700E+00  -7.500E+00  -1.140E+01  -4.044E-01  -6.412E-02   3.155E-02
   4.700E+00  -7.000E+00  -1.090E+01  -3.858E-01  -1.212E-01   4.837E-02
   4.700E+00  -6.500E+00  -1.040E+01  -3.515E-01  -2.845E-01   9.239E-02
   4.700E+00  -6.000E+00  -9.900E+00  -2.860E-01  -7.453E-01   1.808E-01
   4.700E+00  -5.500E+00  -9.400E+00  -1.589E-01  -1.522E+00   3.398E-01
   4.700E+00  -5.000E+00  -8.900E+00   6.081E-02  -2.324E+00   5.411E-01
   4.700E+00  -4.500E+00  -8.400E+00   3.807E-01  -2.898E+00   7.336E-01
   4.700E+00  -4.000E+00  -7.900E+00   7.873E-01  -3.306E+00   8.835E-01
   4.700E+00  -3.500E+00  -7.400E+00   1.253E+00  -3.422E+00   9.678E-01
   4.700E+00  -3.000E+00  -6.900E+00   1.744E+00  -3.068E+00   9.849E-01
   4.700E+00  -2.500E+00  -6.400E+00   2.234E+00  -2.640E+00   9.760E-01
   4.700E+00  -2.000E+00  -5.900E+00   2.722E+00  -2.642E+00   9.818E-01
   4.700E+00  -1.500E+00  -5.400E+00   3.217E+00  -3.018E+00   9.985E-01
   4.700E+00  -1.000E+00  -4.900E+00   3.717E+00  -3.435E+00   9.916E-01
   4.700E+00  -5.000E-01  -4.400E+00   4.201E+00  -3.686E+00   9.342E-01
   4.900E+00  -7.500E+00  -1.080E+01  -3.829E-01   2.235E-01   2.958E-02
   4.900E+00  -7.000E+00  -1.030E+01  -3.651E-01   1.847E-01   4.493E-02
   4.900E+00  -6.500E+00  -9.800E+00  -3.355E-01   5.858E-02   7.516E-02
   4.900E+00  -6.000E+00  -9.300E+00  -2.858E-01  -1.136E-01   1.300E-01
   4.900E+00  -5.500E+00  -8.800E+00  -1.968E-01  -4.942E-01   2.370E-01
   4.900E+00  -5.000E+00  -8.300E+00  -3.770E-02  -1.242E+00   4.107E-01
   4.900E+00  -4.500E+00  -7.800E+00   2.190E-01  -2.155E+00   6.153E-01
   4.900E+00  -4.000E+00  -7.300E+00   5.734E-01  -2.982E+00   7.948E-01
   4.900E+00  -3.500E+00  -6.800E+00   1.007E+00  -3.689E+00   9.307E-01
   4.900E+00  -3.000E+00  -6.300E+00   1.496E+00  -4.158E+00   1.016E+00
   4.900E+00  -2.500E+00  -5.800E+00   2.013E+00  -4.214E+00   1.041E+00
   4.900E+00  -2.000E+00  -5.300E+00   2.530E+00  -4.044E+00   1.027E+00
   4.900E+00  -1.500E+00  -4.800E+00   3.037E+00  -3.912E+00   9.971E-01
   4.900E+00  -1.000E+00  -4.300E+00   3.523E+00  -3.664E+00   9.413E-01
   4.900E+00  -5.000E-01  -3.800E+00   3.973E+00  -3.300E+00   8.520E-01
   5.100E+00  -7.500E+00  -1.020E+01  -1.968E-01   1.273E+00   3.055E-02
   5.100E+00  -7.000E+00  -9.700E+00  -1.781E-01   1.462E+00   4.604E-02
   5.100E+00  -6.500E+00  -9.200E+00  -1.504E-01   1.581E+00   6.366E-02
   5.100E+00  -6.000E+00  -8.700E+00  -1.105E-01   1.446E+00   1.044E-01
   5.100E+00  -5.500E+00  -8.200E+00  -3.662E-02   1.054E+00   2.011E-01
   5.100E+00  -5.000E+00  -7.700E+00   9.798E-02   4.746E-01   3.423E-01
   5.100E+00  -4.500E+00  -7.200E+00   3.101E-01  -2.296E-01   5.099E-01
   5.100E+00  -4.000E+00  -6.700E+00   6.105E-01  -1.068E+00   6.930E-01
   5.100E+00  -3.500E+00  -6.200E+00   9.988E-01  -1.898E+00   8.505E-01
   5.100E+00  -3.000E+00  -5.700E+00   1.453E+00  -2.539E+00   9.577E-01
   5.100E+00  -2.500E+00  -5.200E+00   1.948E+00  -2.935E+00   1.015E+00
   5.100E+00  -2.000E+00  -4.700E+00   2.458E+00  -3.096E+00   1.014E+00
   5.100E+00  -1.500E+00  -4.200E+00   2.955E+00  -3.208E+00   9.685E-01
   5.100E+00  -1.000E+00  -3.700E+00   3.420E+00  -3.424E+00   8.858E-01
   5.100E+00  -5.000E-01  -3.200E+00   3.836E+00  -3.669E+00   7.727E-01
   5.300E+00  -7.500E+00  -9.600E+00  -2.068E-01  -2.239E+00   1.687E-01
   5.300E+00  -7.000E+00  -9.100E+00  -1.180E-01  -2.146E+00   1.878E-01
   5.300E+00  -6.500E+00  -8.600E+00  -1.916E-02  -1.827E+00   2.063E-01
   5.300E+00  -6.000E+00  -8.100E+00   9.104E-02  -1.463E+00   2.411E-01
   5.300E+00  -5.500E+00  -7.600E+00   2.281E-01  -1.342E+00   3.132E-01
   5.300E+00  -5.000E+00  -7.100E+00   4.060E-01  -1.245E+00   3.959E-01
   5.300E+00  -4.500E+00  -6.600E+00   6.217E-01  -1.012E+00   4.642E-01
   5.300E+00  -4.000E+00  -6.100E+00   8.725E-01  -1.019E+00   5.462E-01
   5.300E+00  -3.500E+00  -5.600E+00   1.174E+00  -1.563E+00   6.653E-01
   5.300E+00  -3.000E+00  -5.100E+00   1.539E+00  -2.408E+00   7.902E-01
   5.300E+00  -2.500E+00  -4.600E+00   1.955E+00  -3.079E+00   8.616E-01
   5.300E+00  -2.000E+00  -4.100E+00   2.383E+00  -3.444E+00   8.310E-01
   5.300E+00  -1.500E+00  -3.600E+00   2.769E+00  -3.702E+00   6.995E-01
   5.300E+00  -1.000E+00  -3.100E+00   3.083E+00  -3.979E+00   5.662E-01
   5.300E+00  -5.000E-01  -2.600E+00   3.351E+00  -4.428E+00   5.244E-01
   5.500E+00  -7.500E+00  -9.000E+00  -4.418E-01  -4.284E-01   3.595E-02
   5.500E+00  -7.000E+00  -8.500E+00  -4.191E-01  -7.652E-01   6.016E-02
   5.500E+00  -6.500E+00  -8.000E+00  -3.768E-01  -1.382E+00   1.136E-01
   5.500E+00  -6.000E+00  -7.500E+00  -2.997E-01  -2.271E+00   2.023E-01
   5.500E+00  -5.500E+00  -7.000E+00  -1.683E-01  -3.264E+00   3.282E-01
   5.500E+00  -5.000E+00  -6.500E+00   3.304E-02  -4.154E+00   4.813E-01
   5.500E+00  -4.500E+00  -6.000E+00   3.136E-01  -4.734E+00   6.380E-01
   5.500E+00  -4.000E+00  -5.500E+00   6.605E-01  -4.574E+00   7.316E-01
   5.500E+00  -3.500E+00  -5.000E+00   1.032E+00  -3.895E+00   7.433E-01
   5.500E+00  -3.000E+00  -4.500E+00   1.399E+00  -3.401E+00   7.268E-01
   5.500E+00  -2.500E+00  -4.000E+00   1.758E+00  -3.294E+00   7.072E-01
   5.500E+00  -2.000E+00  -3.500E+00   2.101E+00  -3.387E+00   6.527E-01
   5.500E+00  -1.500E+00  -3.000E+00   2.399E+00  -3.362E+00   5.313E-01
   5.500E+00  -1.000E+00  -2.500E+00   2.635E+00  -3.306E+00   4.281E-01
   5.500E+00  -5.000E-01  -2.000E+00   2.844E+00  -3.406E+00   4.249E-01
   5.700E+00  -7.500E+00  -8.400E+00  -4.620E-01  -5.864E-02   8.983E-03
   5.700E+00  -7.000E+00  -7.900E+00  -4.573E-01  -7.053E-02   1.163E-02
   5.700E+00  -6.500E+00  -7.400E+00  -4.488E-01  -1.359E-01   2.359E-02
   5.700E+00  -6.000E+00  -6.900E+00  -4.316E-01  -2.935E-01   4.794E-02
   5.700E+00  -5.500E+00  -6.400E+00  -3.960E-01  -6.480E-01   1.012E-01
   5.700E+00  -5.000E+00  -5.900E+00  -3.189E-01  -1.438E+00   2.233E-01
   5.700E+00  -4.500E+00  -5.400E+00  -1.527E-01  -2.941E+00   4.657E-01
   5.700E+00  -4.000E+00  -4.900E+00   1.599E-01  -4.744E+00   7.869E-01
   5.700E+00  -3.500E+00  -4.400E+00   6.131E-01  -5.517E+00   9.814E-01
   5.700E+00  -3.000E+00  -3.900E+00   1.099E+00  -4.736E+00   9.217E-01
   5.700E+00  -2.500E+00  -3.400E+00   1.514E+00  -3.630E+00   7.396E-01
   5.700E+00  -2.000E+00  -2.900E+00   1.843E+00  -2.969E+00   5.839E-01
   5.700E+00  -1.500E+00  -2.400E+00   2.104E+00  -2.607E+00   4.632E-01
   5.700E+00  -1.000E+00  -1.900E+00   2.315E+00  -2.420E+00   3.963E-01
   5.700E+00  -5.000E-01  -1.400E+00   2.514E+00  -2.451E+00   4.108E-01
   5.900E+00  -7.500E+00  -7.800E+00  -4.637E-01   1.205E-02   3.985E-03
   5.900E+00  -7.000E+00  -7.300E+00  -4.613E-01   1.610E-03   6.354E-03
   5.900E+00  -6.500E+00  -6.800E+00  -4.563E-01  -3.612E-02   1.454E-02
   5.900E+00  -6.000E+00  -6.300E+00  -4.458E-01  -1.094E-01   2.845E-02
   5.900E+00  -5.500E+00  -5.800E+00  -4.254E-01  -2.420E-01   5.744E-02
   5.900E+00  -5.000E+00  -5.300E+00  -3.829E-01  -4.890E-01   1.193E-01
   5.900E+00  -4.500E+00  -4.800E+00  -2.957E-01  -9.844E-01   2.436E-01
   5.900E+00  -4.000E+00  -4.300E+00  -1.212E-01  -1.991E+00   4.765E-01
   5.900E+00  -3.500E+00  -3.800E+00   1.969E-01  -3.583E+00   8.059E-01
   5.900E+00  -3.000E+00  -3.300E+00   6.646E-01  -4.755E+00   1.015E+00
   5.900E+00  -2.500E+00  -2.800E+00   1.162E+00  -4.503E+00   9.261E-01
   5.900E+00  -2.000E+00  -2.300E+00   1.566E+00  -3.459E+00   6.906E-01
   5.900E+00  -1.500E+00  -1.800E+00   1.864E+00  -2.660E+00   5.208E-01
   5.900E+00  -1.000E+00  -1.300E+00   2.102E+00  -2.241E+00   4.421E-01
   5.900E+00  -5.000E-01  -8.000E-01   2.316E+00  -2.059E+00   4.263E-01
   6.100E+00  -7.500E+00  -7.200E+00  -4.594E-01  -9.151E-02   1.323E-02
   6.100E+00  -7.000E+00  -6.700E+00  -4.519E-01  -7.887E-02   1.690E-02
   6.100E+00  -6.500E+00  -6.200E+00  -4.422E-01  -2.327E-02   2.232E-02
   6.100E+00  -6.000E+00  -5.700E+00  -4.291E-01   3.545E-02   3.057E-02
   6.100E+00  -5.500E+00  -5.200E+00  -4.102E-01   7.028E-02   4.746E-02
   6.100E+00  -5.000E+00  -4.700E+00  -3.776E-01  -2.779E-02   8.882E-02
   6.100E+00  -4.500E+00  -4.200E+00  -3.122E-01  -4.008E-01   1.850E-01
   6.100E+00  -4.000E+00  -3.700E+00  -1.770E-01  -1.177E+00   3.748E-01
   6.100E+00  -3.500E+00  -3.200E+00   7.562E-02  -2.223E+00   6.427E-01
   6.100E+00  -3.000E+00  -2.700E+00   4.591E-01  -3.136E+00   8.711E-01
   6.100E+00  -2.500E+00  -2.200E+00   9.169E-01  -3.499E+00   9.204E-01
   6.100E+00  -2.000E+00  -1.700E+00   1.350E+00  -3.127E+00   7.931E-01
   6.100E+00  -1.500E+00  -1.200E+00   1.703E+00  -2.438E+00   6.246E-01
   6.100E+00  -1.000E+00  -7.000E-01   1.979E+00  -1.996E+00   4.813E-01
   6.100E+00  -5.000E-01  -2.000E-01   2.188E+00  -1.855E+00   3.567E-01
   6.300E+00  -7.500E+00  -6.600E+00  -4.689E-01  -2.108E-02   2.611E-03
   6.300E+00  -7.000E+00  -6.100E+00  -4.675E-01  -4.368E-02   4.049E-03
   6.300E+00  -6.500E+00  -5.600E+00  -4.636E-01  -1.011E-01   1.253E-02
   6.300E+00  -6.000E+00  -5.100E+00  -4.535E-01  -2.477E-01   2.999E-02
   6.300E+00  -5.500E+00  -4.600E+00  -4.295E-01  -5.545E-01   7.227E-02
   6.300E+00  -5.000E+00  -4.100E+00  -3.759E-01  -9.219E-01   1.465E-01
   6.300E+00  -4.500E+00  -3.600E+00  -2.803E-01  -1.039E+00   2.374E-01
   6.300E+00  -4.000E+00  -3.100E+00  -1.341E-01  -9.705E-01   3.548E-01
   6.300E+00  -3.500E+00  -2.600E+00   8.632E-02  -1.261E+00   5.431E-01
   6.300E+00  -3.000E+00  -2.100E+00   4.141E-01  -2.110E+00   7.623E-01
   6.300E+00  -2.500E+00  -1.600E+00   8.259E-01  -2.778E+00   8.449E-01
   6.300E+00  -2.000E+00  -1.100E+00   1.227E+00  -2.896E+00   7.369E-01
   6.300E+00  -1.500E+00  -6.000E-01   1.544E+00  -2.813E+00   5.164E-01
   6.300E+00  -1.000E+00  -1.000E-01   1.751E+00  -2.852E+00   3.405E-01
   6.300E+00  -5.000E-01   4.000E-01   1.907E+00  -2.624E+00   2.996E-01
   6.500E+00  -7.500E+00  -6.000E+00  -4.710E-01  -1.144E-02   1.114E-04
   6.500E+00  -7.000E+00  -5.500E+00  -4.706E-01  -1.705E-02   1.671E-03
   6.500E+00  -6.500E+00  -5.000E+00  -4.691E-01  -2.696E-02   4.561E-03
   6.500E+00  -6.000E+00  -4.500E+00  -4.658E-01  -5.741E-02   8.971E-03
   6.500E+00  -5.500E+00  -4.000E+00  -4.586E-01  -1.250E-01   2.277E-02
   6.500E+00  -5.000E+00  -3.500E+00  -4.390E-01  -3.138E-01   6.051E-02
   6.500E+00  -4.500E+00  -3.000E+00  -3.884E-01  -7.814E-01   1.560E-01
   6.500E+00  -4.000E+00  -2.500E+00  -2.627E-01  -1.888E+00   3.738E-01
   6.500E+00  -3.500E+00  -2.000E+00  -7.007E-03  -3.188E+00   6.375E-01
   6.500E+00  -3.000E+00  -1.500E+00   3.470E-01  -3.587E+00   7.346E-01
   6.500E+00  -2.500E+00  -1.000E+00   6.959E-01  -3.447E+00   6.418E-01
   6.500E+00  -2.000E+00  -5.000E-01   9.792E-01  -3.389E+00   4.914E-01
   6.500E+00  -1.500E+00   0.000E+00   1.187E+00  -3.179E+00   3.374E-01
   6.500E+00  -1.000E+00   5.000E-01   1.337E+00  -3.125E+00   3.040E-01
   6.500E+00  -5.000E-01   1.000E+00   1.526E+00  -3.156E+00   4.826E-01
   6.700E+00  -7.500E+00  -5.400E+00  -4.728E-01  -5.428E-03  -6.491E-04
   6.700E+00  -7.000E+00  -4.900E+00  -4.728E-01  -9.894E-03   9.452E-04
   6.700E+00  -6.500E+00  -4.400E+00  -4.719E-01  -1.832E-02   2.418E-03
   6.700E+00  -6.000E+00  -3.900E+00  -4.703E-01  -3.341E-02   4.299E-03
   6.700E+00  -5.500E+00  -3.400E+00  -4.668E-01  -6.505E-02   1.092E-02
   6.700E+00  -5.000E+00  -2.900E+00  -4.571E-01  -1.594E-01   3.121E-02
   6.700E+00  -4.500E+00  -2.400E+00  -4.303E-01  -4.051E-01   8.348E-02
   6.700E+00  -4.000E+00  -1.900E+00  -3.624E-01  -9.727E-01   2.030E-01
   6.700E+00  -3.500E+00  -1.400E+00  -2.135E-01  -2.016E+00   4.051E-01
   6.700E+00  -3.000E+00  -9.000E-01   3.554E-02  -3.069E+00   5.640E-01
   6.700E+00  -2.500E+00  -4.000E-01   3.201E-01  -3.481E+00   5.400E-01
   6.700E+00  -2.000E+00   1.000E-01   5.588E-01  -3.343E+00   4.156E-01
   6.700E+00  -1.500E+00   6.000E-01   7.442E-01  -3.146E+00   3.420E-01
   6.700E+00  -1.000E+00   1.100E+00   9.228E-01  -3.127E+00   4.000E-01
   6.700E+00  -5.000E-01   1.600E+00   1.170E+00  -3.416E+00   6.136E-01
   6.900E+00  -7.500E+00  -4.800E+00  -4.749E-01  -1.405E-02  -2.081E-04
   6.900E+00  -7.000E+00  -4.300E+00  -4.746E-01  -2.034E-02   1.547E-03
   6.900E+00  -6.500E+00  -3.800E+00  -4.736E-01  -1.358E-02   2.164E-03
   6.900E+00  -6.000E+00  -3.300E+00  -4.724E-01  -1.382E-02   2.808E-03
   6.900E+00  -5.500E+00  -2.800E+00  -4.703E-01  -2.091E-02   6.081E-03
   6.900E+00  -5.000E+00  -2.300E+00  -4.652E-01  -5.534E-02   1.590E-02
   6.900E+00  -4.500E+00  -1.800E+00  -4.516E-01  -1.763E-01   4.297E-02
   6.900E+00  -4.000E+00  -1.300E+00  -4.163E-01  -4.821E-01   1.060E-01
   6.900E+00  -3.500E+00  -8.000E-01  -3.366E-01  -1.087E+00   2.226E-01
   6.900E+00  -3.000E+00  -3.000E-01  -1.921E-01  -1.885E+00   3.488E-01
   6.900E+00  -2.500E+00   2.000E-01  -1.431E-03  -2.420E+00   3.932E-01
   6.900E+00  -2.000E+00   7.000E-01   1.915E-01  -2.565E+00   3.795E-01
   6.900E+00  -1.500E+00   1.200E+00   3.837E-01  -2.578E+00   3.991E-01
   6.900E+00  -1.000E+00   1.700E+00   6.037E-01  -2.654E+00   4.971E-01
   6.900E+00  -5.000E-01   2.200E+00   8.960E-01  -3.080E+00   6.866E-01
   7.100E+00  -7.500E+00  -4.200E+00  -4.785E-01  -2.074E-02  -4.295E-04
   7.100E+00  -7.000E+00  -3.700E+00  -4.784E-01  -2.287E-02   7.446E-04
   7.100E+00  -6.500E+00  -3.200E+00  -4.778E-01  -3.726E-02   1.656E-03
   7.100E+00  -6.000E+00  -2.700E+00  -4.767E-01  -4.098E-02   2.844E-03
   7.100E+00  -5.500E+00  -2.200E+00  -4.744E-01  -6.073E-02   7.432E-03
   7.100E+00  -5.000E+00  -1.700E+00  -4.682E-01  -1.005E-01   1.872E-02
   7.100E+00  -4.500E+00  -1.200E+00  -4.540E-01  -1.550E-01   4.011E-02
   7.100E+00  -4.000E+00  -7.000E-01  -4.253E-01  -2.338E-01   7.803E-02
   7.100E+00  -3.500E+00  -2.000E-01  -3.719E-01  -4.186E-01   1.404E-01
   7.100E+00  -3.000E+00   3.000E-01  -2.815E-01  -7.821E-01   2.229E-01
   7.100E+00  -2.500E+00   8.000E-01  -1.507E-01  -1.194E+00   2.950E-01
   7.100E+00  -2.000E+00   1.300E+00   8.766E-03  -1.527E+00   3.389E-01
   7.100E+00  -1.500E+00   1.800E+00   1.896E-01  -1.925E+00   3.915E-01
   7.100E+00  -1.000E+00   2.300E+00   4.071E-01  -2.396E+00   4.856E-01
   7.100E+00  -5.000E-01   2.800E+00   6.821E-01  -2.900E+00   6.210E-01
   7.300E+00  -7.500E+00  -3.600E+00  -4.837E-01  -3.118E-02   2.945E-04
   7.300E+00  -7.000E+00  -3.100E+00  -4.835E-01  -3.107E-02   2.971E-04
   7.300E+00  -6.500E+00  -2.600E+00  -4.833E-01  -3.370E-02   4.955E-04
   7.300E+00  -6.000E+00  -2.100E+00  -4.830E-01  -3.828E-02   1.141E-03
   7.300E+00  -5.500E+00  -1.600E+00  -4.819E-01  -4.975E-02   3.558E-03
   7.300E+00  -5.000E+00  -1.100E+00  -4.786E-01  -8.479E-02   1.075E-02
   7.300E+00  -4.500E+00  -6.000E-01  -4.692E-01  -1.773E-01   2.973E-02
   7.300E+00  -4.000E+00  -1.000E-01  -4.451E-01  -3.761E-01   7.118E-02
   7.300E+00  -3.500E+00   4.000E-01  -3.945E-01  -6.603E-01   1.335E-01
   7.300E+00  -3.000E+00   9.000E-01  -3.124E-01  -9.210E-01   1.912E-01
   7.300E+00  -2.500E+00   1.400E+00  -2.087E-01  -1.123E+00   2.165E-01
   7.300E+00  -2.000E+00   1.900E+00  -9.845E-02  -1.365E+00   2.266E-01
   7.300E+00  -1.500E+00   2.400E+00   2.836E-02  -1.761E+00   2.998E-01
   7.300E+00  -1.000E+00   2.900E+00   2.105E-01  -2.311E+00   4.280E-01
   7.300E+00  -5.000E-01   3.400E+00   4.583E-01  -2.769E+00   5.681E-01
   7.500E+00  -7.500E+00  -3.000E+00  -4.915E-01  -4.856E-02   7.063E-05
   7.500E+00  -7.000E+00  -2.500E+00  -4.915E-01  -4.855E-02   7.068E-05
   7.500E+00  -6.500E+00  -2.000E+00  -4.914E-01  -4.916E-02   1.997E-04
   7.500E+00  -6.000E+00  -1.500E+00  -4.912E-01  -5.076E-02   5.643E-04
   7.500E+00  -5.500E+00  -1.000E+00  -4.907E-01  -5.580E-02   1.720E-03
   7.500E+00  -5.000E+00  -5.000E-01  -4.892E-01  -7.086E-02   4.925E-03
   7.500E+00  -4.500E+00   0.000E+00  -4.848E-01  -1.135E-01   1.387E-02
   7.500E+00  -4.000E+00   5.000E-01  -4.733E-01  -2.198E-01   3.511E-02
   7.500E+00  -3.500E+00   1.000E+00  -4.465E-01  -4.423E-01   7.583E-02
   7.500E+00  -3.000E+00   1.500E+00  -3.963E-01  -7.449E-01   1.231E-01
   7.500E+00  -2.500E+00   2.000E+00  -3.262E-01  -1.029E+00   1.537E-01
   7.500E+00  -2.000E+00   2.500E+00  -2.435E-01  -1.203E+00   1.789E-01
   7.500E+00  -1.500E+00   3.000E+00  -1.393E-01  -1.534E+00   2.519E-01
   7.500E+00  -1.000E+00   3.500E+00   2.169E-02  -2.015E+00   4.050E-01
   7.500E+00  -5.000E-01   4.000E+00   2.787E-01  -2.574E+00   6.360E-01
   7.700E+00  -7.500E+00  -2.400E+00  -5.035E-01  -7.254E-02   3.763E-05
   7.700E+00  -7.000E+00  -1.900E+00  -5.035E-01  -7.263E-02   4.809E-05
   7.700E+00  -6.500E+00  -1.400E+00  -5.034E-01  -7.291E-02   1.155E-04
   7.700E+00  -6.000E+00  -9.000E-01  -5.033E-01  -7.380E-02   3.254E-04
   7.700E+00  -5.500E+00  -4.000E-01  -5.030E-01  -7.629E-02   9.289E-04
   7.700E+00  -5.000E+00   1.000E-01  -5.022E-01  -8.386E-02   2.716E-03
   7.700E+00  -4.500E+00   6.000E-01  -4.999E-01  -1.036E-01   7.077E-03
   7.700E+00  -4.000E+00   1.100E+00  -4.940E-01  -1.542E-01   1.801E-02
   7.700E+00  -3.500E+00   1.600E+00  -4.805E-01  -2.555E-01   3.699E-02
   7.700E+00  -3.000E+00   2.100E+00  -4.550E-01  -4.308E-01   6.810E-02
   7.700E+00  -2.500E+00   2.600E+00  -4.138E-01  -6.239E-01   9.110E-02
   7.700E+00  -2.000E+00   3.100E+00  -3.590E-01  -9.196E-01   1.435E-01
   7.700E+00  -1.500E+00   3.600E+00  -2.729E-01  -1.194E+00   1.800E-01
   7.700E+00  -1.000E+00   4.100E+00  -1.568E-01  -2.035E+00   3.496E-01
   7.700E+00  -5.000E-01   4.600E+00   1.296E-01  -2.342E+00   8.369E-01
   7.900E+00  -7.500E+00  -1.800E+00  -5.215E-01  -1.116E-01   6.795E-06
   7.900E+00  -7.000E+00  -1.300E+00  -5.215E-01  -1.118E-01   3.341E-05
   7.900E+00  -6.500E+00  -8.000E-01  -5.215E-01  -1.120E-01   7.415E-05
   7.900E+00  -6.000E+00  -3.000E-01  -5.214E-01  -1.125E-01   2.003E-04
   7.900E+00  -5.500E+00   2.000E-01  -5.213E-01  -1.141E-01   5.525E-04
   7.900E+00  -5.000E+00   7.000E-01  -5.208E-01  -1.184E-01   1.537E-03
   7.900E+00  -4.500E+00   1.200E+00  -5.195E-01  -1.298E-01   4.067E-03
   7.900E+00  -4.000E+00   1.700E+00  -5.162E-01  -1.563E-01   9.358E-03
   7.900E+00  -3.500E+00   2.200E+00  -5.093E-01  -2.111E-01   1.926E-02
   7.900E+00  -3.000E+00   2.700E+00  -4.967E-01  -3.063E-01   3.096E-02
   7.900E+00  -2.500E+00   3.200E+00  -4.785E-01  -4.460E-01   4.165E-02
   7.900E+00  -2.000E+00   3.700E+00  -4.552E-01  -6.880E-01   5.139E-02
   7.900E+00  -1.500E+00   4.200E+00  -4.142E-01  -1.028E+00   1.386E-01
   7.900E+00  -1.000E+00   4.700E+00  -2.847E-01  -2.765E+00   4.171E-01
   7.900E+00  -5.000E-01   5.200E+00   3.890E-02  -2.381E+00   9.118E-01
